53592
120
27968
24440
9608
21168
20040
16936
49360
1120
7192
34584
6280
16504
46184
19776
37576
47472
50616
44248
56712
33536
984
5120
18944
41864
52232
46088
13648
49768
360
24424
12512
52824
48456
38240
15456
22976
54600
52336
24872
23512
30464
19000
23400
36672
22032
21856
28624
29688
23120
48528
47648
49056
35096
12464
18496
25008
3864
40768
50200
44264
35632
21392
53136
29272
22800
26160
23800
24368
6376
43104
43592
4104
27856
17728
34352
2800
10224
13376
12216
50760
42008
52296
11480
24120
49696
45280
19816
38392
15616
29440
23248
52112
54584
3880
2944
27904
53120
27920
3472
49880
7544
11848
19432
16776
23664
26112
20336
9672
4416
1672
12392
38352
34024
38472
19896
5408
34912
8536
37760
56080
31264
33904
56704
15688
24992
42544
35640
39784
14480
3360
40056
22024
22640
51704
10424
30248
32248
43808
1296
5160
17240
23416
1824
33824
37928
17592
19336
48504
23928
40840
4320
47256
38720
33320
35176
13056
34960
34992
52728
14368
49352
25472
2984
1792
25712
13328
40800
35664
50248
52864
44616
52696
56336
50928
37672
25552
35992
45368
14792
44104
22680
35232
40896
8704
13232
12184
26184
27744
19576
7016
20864
2720
44296
39816
50272
28936
33488
2064
26776
27824
47336
40120
14552
31344
27888
1520
35384
4752
14824
25328
36448
23056
6472
8400
21832
45376
6080
42456
9808
22136
14104
27480
14144
6632
17920
43040
47216
31632
48048
27952
55552
12208
31336
39456
46056
51872
1304
51856
17784
28112
46736
48440
432
16768
40136
34096
5664
38096
23264
2664
55112
22120
104
20024
10832
31696
23112
23992
46200
25864
11928
20256
34672
16368
41696
55688
4264
31000
48968
56256
13456
45400
3224
39960
24248
52760
42144
1648
33496
14128
24392
36856
7448
9200
52888
55576
47480
6400
54016
15256
41920
22560
43048
8632
44680
31512
21592
53848
42520
46408
1832
35656
51752
42632
12728
49600
32840
36968
51248
1096
41712
10352
31304
42328
40288
1840
19880
47776
39304
15696
12520
50728
2776
21624
3416
46848
41384
54128
50152
29024
53392
18816
36456
17616
34152
29976
7760
12344
10024
31112
42944
54032
33736
4064
52744
18144
25320
4152
48640
8712
37008
15840
36560
48880
7352
24704
53152
36784
9680
30992
12144
31088
18936
13592
45136
21040
39736
53728
23352
4496
47008
5872
18384
25016
23448
21464
15000
19472
25584
54424
55952
56104
7080
35552
32160
26232
53024
41656
18368
9160
48424
47048
53616
52176
44112
25432
336
45624
13368
30504
19096
14256
9112
31016
56168
40216
10960
56576
25480
54776
5912
38328
44944
53336
26392
25048
24952
40192
50440
12432
55520
32944
48688
46624
43344
21568
18952
37848
22496
22216
45664
18904
8616
34632
18336
31920
46560
26928
11232
32784
2752
5528
8856
50920
22464
2464
32424
22888
11960
34952
22704
14624
16296
15672
12352
47560
13528
21336
34328
12608
29624
37904
15144
46304
31240
22208
33688
38768
36376
13776
200
19288
36288
29952
29808
21064
51136
3256
31872
1384
13008
680
30600
15528
55680
21368
23792
24896
45344
28472
54856
15128
4368
38752
51656
13024
3240
5584
31752
6480
36840
9720
1880
34520
46768
2792
3328
11504
43848
46720
11640
45432
26992
44016
18728
29112
17192
39488
36232
49784
46464
10480
4272
11872
37480
21672
30816
8120
34072
36984
54488
11472
13176
3824
34872
54352
39704
28320
16840
18320
18704
17120
49520
10368
17960
2872
49776
25200
39200
37368
44176
43984
29104
9312
51024
43432
39664
31704
26000
27296
28880
44432
55152
15600
368
49616
52976
16
32216
47096
45896
936
27984
2296
5280
43288
36712
11704
28856
5488
4360
34512
8816
47768
50840
49000
52768
11920
38176
43776
51120
44184
3400
48736
51344
53736
32888
50120
44936
5216
48248
19752
37776
12808
42848
14736
10888
43280
47592
5336
53792
35056
34288
13016
8232
13424
36744
18976
42272
17200
55288
11320
20160
39584
25216
33216
34032
26328
37472
28144
53472
9744
47528
54280
45568
1376
46160
184
51464
11936
40888
19768
16912
20856
34688
6168
28096
11856
29632
28016
43792
8008
28816
5328
3928
10736
32552
5304
45680
50888
9448
10104
46040
12960
36064
50376
5624
6992
20848
30520
12600
43992
6784
10376
22240
41504
48800
49752
27832
824
11912
5704
42128
8640
24072
18664
6208
3024
9136
47400
25128
12536
256
44600
8048
4056
23888
19912
23856
39824
29848
4816
8552
25928
42792
23704
33024
28464
15496
40656
23176
12768
32416
27336
15648
47448
33696
3064
12576
39400
38528
49088
28664
32232
24680
55904
28152
88
56288
23552
37544
7864
9896
11672
5944
47288
51744
50544
32128
14752
25744
35512
49424
45176
23336
45360
15928
24728
47272
46360
42288
28592
40616
10968
13000
19136
1440
34552
31736
12376
33520
15312
1144
19736
39952
18752
32568
42608
28584
34664
31832
51760
21864
8264
25512
23256
6688
16592
32448
26200
50136
27608
48256
26648
17048
30312
49960
41624
52504
32336
44000
18360
39168
2616
20976
1952
26288
26368
5896
33528
10248
32576
568
24768
40624
18488
3144
18680
32120
16440
23584
50576
32072
19672
16680
40992
4584
10696
41352
53104
49688
33816
4192
31432
2808
51008
35792
16696
27016
16720
51712
24640
5688
4080
40720
11840
13184
22520
7528
29448
24888
30328
55120
46832
48544
31984
39928
46640
4344
45560
43576
23848
44832
52712
18920
52776
14096
4296
3440
15680
26480
43784
35048
35216
9688
25000
52136
12904
34264
4800
29280
17248
12008
1312
51216
39800
44272
51152
4184
55936
6504
53040
15624
53232
16272
55448
52392
18224
1616
10616
29840
23160
34576
56000
25464
44304
56008
1040
43720
17824
17736
14384
34760
16096
12752
27912
7704
56264
14320
25352
6456
16704
56312
55608
20344
25720
39080
18256
14008
4664
49736
43552
16968
47928
23032
26800
49312
36816
6104
12120
14600
38008
13272
41000
32288
50264
20376
49552
7240
48928
35240
31376
3480
33976
18512
9992
19144
13760
26696
31480
9520
37888
18168
2336
56280
25400
21608
1656
32264
9168
32616
3984
24344
11528
7032
5712
9048
29256
10456
4336
27648
11032
23608
2448
24272
16328
40728
15264
25920
27552
12304
35224
31496
30288
7512
31576
27176
17400
30408
33992
55832
8792
48832
1072
35416
39056
15632
22264
28168
51648
39432
54416
46960
46456
55640
54512
29288
21704
54648
37632
49464
33512
27400
4512
27432
8152
2840
14248
28160
42216
2304
38744
